0.60307   0.10714   1.00000
   0.64985   0.09332   1.00000
   0.70541   0.09793   1.00000
   0.78436   0.15553   1.00000
   0.86623   0.21083   1.00000
   0.92909   0.32834   1.00000
   0.93494   0.42972   1.00000
   0.93494   0.62097   1.00000
   0.91009   0.75691   1.00000
   0.87939   0.81912   1.00000
   0.83699   0.80991   1.00000
   0.81944   0.75000   1.00000
   0.85453   0.77304   1.00000
   0.88962   0.77074   1.00000
   0.89985   0.76613   1.00000
   0.83553   0.77995   1.00000
   0.79167   0.75000   1.00000
   0.76535   0.76152   1.00000
   0.83260   0.81452   1.00000
   0.88523   0.81452   1.00000
   0.92178   0.56336   1.00000
   0.89985   0.49424   1.00000
   0.86330   0.48041   1.00000
   0.81944   0.44816   1.00000
   0.85746   0.42512   1.00000
   0.89985   0.45046   1.00000
   0.93786   0.51037   1.00000
   0.94517   0.49885   1.00000
   0.93494   0.35138   1.00000
   0.90132   0.27304   1.00000
   0.86184   0.23387   1.00000
   0.85892   0.21544   1.00000
   0.86184   0.13479   1.00000
   0.87208   0.07488   1.00000
   0.87208   0.05876   1.00000
   0.83845   0.10023   1.00000
   0.83114   0.12097   1.00000
   0.81360   0.13249   1.00000
   0.77412   0.13710   1.00000
   0.74927   0.11636   1.00000
   0.72734   0.10484   1.00000
   0.69956   0.10714   1.00000
   0.65424   0.09101   1.00000
   0.63377   0.06797   1.00000
   0.62354   0.06797   1.00000
   0.58553   0.09332   1.00000
   0.57968   0.16244   1.00000
   0.59576   0.17857   1.00000
   0.64254   0.14401   1.00000
   0.64547   0.10945   1.00000
   0.70395   0.14631   1.00000
   0.74196   0.14862   1.00000
   0.77705   0.16014   1.00000
   0.79167   0.12327   1.00000
   0.81506   0.10484   1.00000
   0.82383   0.08180   1.00000
   0.88231   0.05876   1.00000
   0.89401   0.09562   1.00000
   0.88962   0.14401   1.00000
   0.86477   0.16936   1.00000
   0.84430   0.16475   1.00000
   0.83991   0.11866   1.00000
   0.88377   0.16244   1.00000
   0.89985   0.23617   1.00000
   0.93640   0.27765   1.00000
   0.95541   0.29839   1.00000
   0.96126   0.33756   1.00000
   0.95833   0.34217   1.00000
   0.93348   0.29378   1.00000
   0.92471   0.25922   1.00000
   0.94225   0.25230   1.00000
   0.92178   0.21313   1.00000
   0.89108   0.20392   1.00000
   0.88085   0.19240   1.00000
   0.96126   0.36290   1.00000
   0.96418   0.41820   1.00000
   0.96710   0.42972   1.00000
   0.94225   0.39055   1.00000
   0.93640   0.39055   1.00000
   0.92325   0.41820   1.00000
   0.90132   0.41359   1.00000
   0.88816   0.41129   1.00000
   0.86477   0.45737   1.00000
   0.84868   0.46659   1.00000
   0.90716   0.50806   1.00000
   0.92763   0.52189   1.00000
   0.93348   0.43433   1.00000
   0.95833   0.44816   1.00000
   0.97295   0.46429   1.00000
   0.95687   0.50806   1.00000
   0.93494   0.52419   1.00000
   0.92763   0.56797   1.00000
   0.95541   0.58641   1.00000
   0.95833   0.59101   1.00000
   0.95249   0.62558   1.00000
   0.94956   0.66244   1.00000
   0.93640   0.69009   1.00000
   0.92325   0.68318   1.00000
   0.91886   0.74078   1.00000
   0.91447   0.76613   1.00000
   0.89254   0.71544   1.00000
   0.88962   0.72926   1.00000
   0.87500   0.74539   1.00000
   0.85015   0.73848   1.00000
   0.83991   0.73848   1.00000
   0.81652   0.77995   1.00000
   0.79898   0.80530   1.00000
   0.79021   0.79608   1.00000
   0.76389   0.78226   1.00000
   0.75658   0.76613   1.00000
   0.84284   0.72005   1.00000
   0.88962   0.73848   1.00000
   0.92325   0.74078   1.00000
   0.93933   0.71544   1.00000
   0.94079   0.67627   1.00000
   0.92178   0.63710   1.00000
   0.91594   0.68088   1.00000
   0.91594   0.74078   1.00000
   0.93786   0.75691   1.00000
   0.95102   0.77765   1.00000
   0.91886   0.83295   1.00000
   0.87208   0.77995   1.00000
   0.85307   0.77765   1.00000
   0.92617   0.77074   1.00000
   0.95541   0.67166   1.00000
   0.94664   0.57488   1.00000
   0.92909   0.54493   1.00000
   0.91447   0.50346   1.00000
   0.92325   0.44355   1.00000
   0.93056   0.39055   1.00000
   0.92617   0.33756   1.00000
   0.92325   0.36982   1.00000
   0.91009   0.43664   1.00000
   0.95979   0.53571   1.00000
   0.95979   0.45737   1.00000
   0.93933   0.42281   1.00000
   0.90570   0.40899   1.00000
   0.90863   0.36751   1.00000
   0.92032   0.31452   1.00000
   0.92471   0.33295   1.00000
   0.92325   0.45737   1.00000
   0.91447   0.50806   1.00000
   0.94956   0.47350   1.00000
   0.96272   0.53802   1.00000
   0.95541   0.69700   1.00000
   0.95102   0.75000   1.00000
   0.91301   0.80069   1.00000
   0.86477   0.82373   1.00000
   0.86184   0.71083   1.00000
   0.88670   0.70161   1.00000
   0.91009   0.63710   1.00000
   0.91740   0.59332   1.00000
   0.91740   0.56336   1.00000
   0.91009   0.54032   1.00000
   0.88377   0.51037   1.00000
   0.86330   0.50115   1.00000
   0.84137   0.48041   1.00000
   0.85599   0.43203   1.00000
   0.87646   0.40438   1.00000
   0.89839   0.36521   1.00000
   0.89839   0.31452   1.00000
   0.89547   0.27765   1.00000
   0.89108   0.26382   1.00000
   0.87500   0.23617   1.00000
   0.86038   0.22235   1.00000
   0.85015   0.19470   1.00000
   0.83406   0.17166   1.00000
   0.81944   0.17627   1.00000
   0.78728   0.18318   1.00000
   0.75365   0.16014   1.00000
   0.74781   0.11175   1.00000
   0.73903   0.08871   1.00000
   0.70102   0.09332   1.00000
   0.68348   0.12558   1.00000
   0.65424   0.16244   1.00000
   0.63085   0.12788   1.00000
   0.58845   0.13479   1.00000
   0.58845   0.18548   1.00000
   0.62500   0.19240   1.00000
   0.66447   0.13249   1.00000
   0.67032   0.10023   1.00000
   0.67178   0.07488   1.00000
   0.70541   0.07028   1.00000
   0.72149   0.09332   1.00000
   0.75219   0.10023   1.00000
   0.75950   0.06567   1.00000
   0.77412   0.08180   1.00000
   0.77412   0.09793   1.00000
   0.89693   0.82143   1.00000
   0.84576   0.85830   1.00000
   0.82091   0.81452   1.00000
   0.79898   0.78917   1.00000
   0.74927   0.79148   1.00000
   0.85161   0.37212   0.00000
   0.86330   0.35138   0.00000
   0.85453   0.30530   0.00000
   0.84137   0.32373   0.00000
   0.83406   0.28917   0.00000
   0.82968   0.27765   0.00000
   0.81067   0.29378   0.00000
   0.80190   0.29839   0.00000
   0.84137   0.31682   0.00000
   0.83406   0.35369   0.00000
   0.82383   0.35369   0.00000
   0.80483   0.30530   0.00000
   0.78436   0.29147   0.00000
   0.80044   0.26152   0.00000
   0.80044   0.26843   0.00000
   0.81652   0.27074   0.00000
   0.80629   0.24770   0.00000
   0.78143   0.25922   0.00000
   0.77851   0.26152   0.00000
   0.76243   0.23387   0.00000
   0.72588   0.22926   0.00000
   0.70687   0.26613   0.00000
   0.69664   0.30300   0.00000
   0.67909   0.29378   0.00000
   0.66155   0.26843   0.00000
   0.65278   0.28226   0.00000
   0.64401   0.31221   0.00000
   0.62646   0.34908   0.00000
   0.60599   0.35138   0.00000
   0.58114   0.37903   0.00000
   0.55336   0.42051   0.00000
   0.52997   0.37903   0.00000
   0.51828   0.34677   0.00000
   0.52558   0.33756   0.00000
   0.56506   0.34677   0.00000
   0.58406   0.36060   0.00000
   0.62061   0.31912   0.00000
   0.66886   0.32834   0.00000
   0.68202   0.33525   0.00000
   0.73026   0.30760   0.00000
   0.76389   0.30530   0.00000
   0.80921   0.31912   0.00000
   0.82091   0.33525   0.00000
   0.82822   0.36060   0.00000
   0.82237   0.38825   0.00000
   0.79898   0.40438   0.00000
   0.78874   0.41359   0.00000
   0.76828   0.37442   0.00000
   0.76535   0.36521   0.00000
   0.77705   0.36751   0.00000
   0.80044   0.36982   0.00000
   0.79898   0.34677   0.00000
   0.77997   0.33295   0.00000
   0.73903   0.33295   0.00000
   0.69079   0.35829   0.00000
   0.66155   0.35369   0.00000
   0.63962   0.36751   0.00000
   0.61769   0.39516   0.00000
   0.60892   0.38594   0.00000
   0.59137   0.43894   0.00000
   0.57237   0.42281   0.00000
   0.53436   0.45046   0.00000
   0.53874   0.46429   0.00000
   0.59137   0.47120   0.00000
   0.62939   0.46198   0.00000
   0.64839   0.43664   0.00000
   0.67617   0.40668   0.00000
   0.70249   0.37442   0.00000
   0.76243   0.35829   0.00000
   0.73903   0.36751   0.00000
   0.66740   0.40668   0.00000
   0.61184   0.42281   0.00000
   0.59868   0.48502   0.00000
   0.61477   0.48041   0.00000
   0.63231   0.50806   0.00000
   0.64985   0.51498   0.00000
   0.66009   0.52650   0.00000
   0.66740   0.55876   0.00000
   0.67471   0.57488   0.00000
   0.67617   0.59332   0.00000
   0.66155   0.64170   0.00000
   0.63962   0.67857   0.00000
   0.61623   0.70392   0.00000
   0.58699   0.72696   0.00000
   0.55775   0.73848   0.00000
   0.52851   0.77995   0.00000
   0.52705   0.78917   0.00000
   0.55629   0.78456   0.00000
   0.59722   0.78456   0.00000
   0.64254   0.75000   0.00000
   0.66155   0.73848   0.00000
   0.67325   0.72926   0.00000
   0.69371   0.67857   0.00000
   0.69664   0.66475   0.00000
   0.70687   0.59101   0.00000
   0.69225   0.54954   0.00000
   0.67471   0.53111   0.00000
   0.65424   0.49424   0.00000
   0.65278   0.44124   0.00000
   0.66886   0.42742   0.00000
   0.69810   0.39747   0.00000
   0.70249   0.39747   0.00000
   0.67617   0.46659   0.00000
   0.68202   0.50806   0.00000
   0.68494   0.50806   0.00000
   0.70541   0.54724   0.00000
   0.70979   0.58410   0.00000
   0.71418   0.61175   0.00000
   0.71126   0.66936   0.00000
   0.68348   0.63479   0.00000
   0.68494   0.71083   0.00000
   0.66447   0.69240   0.00000
   0.65570   0.74770   0.00000
   0.63231   0.72926   0.00000
   0.60746   0.73618   0.00000
   0.59430   0.74309   0.00000
   0.58260   0.77304   0.00000
   0.55336   0.74770   0.00000
   0.54313   0.76152   0.00000
   0.53728   0.80760   0.00000
   0.54605   0.81221   0.00000
   0.57675   0.83064   0.00000
   0.58553   0.82373   0.00000
   0.62500   0.79378   0.00000
   0.64108   0.77765   0.00000
   0.65278   0.75691   0.00000
   0.67178   0.74078   0.00000
   0.68640   0.72235   0.00000
   0.68640   0.65783   0.00000
   0.68640   0.64401   0.00000
   0.67471   0.59332   0.00000
   0.89985   0.54032   1.00000
   0.89547   0.62327   1.00000
   0.89108   0.65092   1.00000
   0.88231   0.69240   1.00000
   0.87792   0.63940   1.00000
   0.88670   0.54954   1.00000
   0.89254   0.54032   1.00000
   0.90863   0.56567   1.00000
   0.91594   0.63249   1.00000
   0.90716   0.70392   1.00000
   0.87500   0.75000   1.00000
   0.79313   0.80530   1.00000
   0.77997   0.83756   1.00000
   0.77558   0.86751   1.00000
   0.77266   0.90438   1.00000
   0.77412   0.95276   1.00000
   0.77705   0.97581   1.00000
   0.80190   0.96889   1.00000
   0.80336   0.92742   1.00000
   0.80044   0.88134   1.00000
   0.80629   0.85138   1.00000
   0.84576   0.80760   1.00000
   0.86623   0.80069   1.00000
   0.85015   0.86060   1.00000
   0.83699   0.90899   1.00000
   0.82675   0.92051   1.00000
   0.82237   0.95507   1.00000
   0.82237   0.96659   1.00000
   0.82091   0.96889   1.00000
   0.81944   0.89746   1.00000
   0.78874   0.85138   1.00000
   0.78582   0.85138   1.00000
   0.83991   0.85599   1.00000
   0.85015   0.82834   1.00000
   0.94079   0.60023   1.00000
   0.94079   0.60023   1.00000
   0.93056   0.48272   1.00000
   0.95102   0.25461   1.00000
   0.89985   0.22696   1.00000
   0.89108   0.16014   1.00000
   0.86038   0.17627   1.00000
   0.86623   0.11175   1.00000
   0.88523   0.07488   1.00000
   0.88377   0.05415   1.00000
   0.91447   0.04493   1.00000
   0.91301   0.11175   1.00000
   0.89693   0.10484   1.00000
   0.88523   0.15323   1.00000
   0.88377   0.19931   1.00000
   0.91155   0.06106   1.00000
   0.89693   0.05645   1.00000
   0.87939   0.07488   1.00000
   0.85892   0.09332   1.00000
   0.71418   0.35369   0.00000
   0.77412   0.30991   0.00000
   0.74488   0.27074   0.00000
   0.69810   0.30069   0.00000
   0.67325   0.39286   0.00000
   0.65424   0.40438   0.00000
   0.63816   0.42051   0.00000
   0.61623   0.44585   0.00000
   0.60453   0.46429   0.00000
   0.56360   0.37442   0.00000
   0.52851   0.42512   0.00000
   0.50950   0.36982   0.00000
   0.64254   0.48041   0.00000
   0.66886   0.42972   0.00000
   0.67909   0.55415   0.00000
   0.70541   0.62097   0.00000
   0.73903   0.61636   0.00000
   0.72295   0.66244   0.00000
   0.70541   0.68318   0.00000
   0.65132   0.69240   0.00000
   0.64108   0.72005   0.00000
   0.66740   0.72696   0.00000
   0.69517   0.68088   0.00000
   0.71126   0.65553   0.00000
   0.72295   0.62097   0.00000
   0.71857   0.59101   0.00000
   0.68786   0.56797   0.00000
   0.66155   0.56797   0.00000
   0.64839   0.56567   0.00000
   0.59137   0.62788   1.00000
   0.59576   0.56336   1.00000
   0.60015   0.61866   1.00000
   0.62208   0.60714   1.00000
   0.62061   0.58871   1.00000
   0.59430   0.57719   1.00000
   0.57675   0.58410   1.00000
   0.56652   0.61175   1.00000
   0.56214   0.62327   1.00000
   0.55775   0.62327   1.00000
   0.55483   0.59793   1.00000
   0.54751   0.55415   1.00000
   0.53582   0.54493   1.00000
   0.53290   0.54493   1.00000
   0.52851   0.57028   1.00000
   0.52705   0.59562   1.00000
   0.52705   0.59793   1.00000
   0.52997   0.63018   1.00000
   0.52997   0.65783   1.00000
   0.52705   0.70392   1.00000
   0.51681   0.70622   1.00000
   0.51097   0.70161   1.00000
   0.53582   0.66475   1.00000
   0.56360   0.64401   1.00000
   0.57529   0.64401   1.00000
   0.58845   0.64401   1.00000
   0.60746   0.63710   1.00000
   0.61623   0.63479   1.00000
   0.61915   0.58871   1.00000
   0.60746   0.55184   1.00000
   0.59430   0.56106   1.00000
   0.54167   0.57719   1.00000
   0.52266   0.55184   1.00000
   0.51097   0.54724   1.00000
   0.50804   0.54724   1.00000
   0.51681   0.59332   1.00000
   0.52266   0.66936   1.00000
   0.52412   0.67396   1.00000
   0.56652   0.66244   1.00000
   0.56652   0.66244   1.00000
   0.53582   0.64170   1.00000
   0.51681   0.66475   1.00000
   0.56214   0.57949   1.00000
   0.57091   0.54493   1.00000
   0.57822   0.54724   1.00000
   0.59576   0.60484   1.00000
   0.59576   0.65092   1.00000
   0.64547   0.38825   0.00000
   0.69371   0.36982   0.00000
   0.70687   0.31221   0.00000
   0.72880   0.31221   0.00000
   0.71272   0.27304   0.00000
   0.74050   0.30530   0.00000
   0.75365   0.31221   0.00000
   0.75658   0.25461   0.00000
   0.74196   0.28917   0.00000
   0.71710   0.27304   0.00000
   0.68786   0.29608   0.00000
   0.66594   0.34447   0.00000
   0.65132   0.36751   0.00000
   0.65278   0.39286   0.00000
   0.60892   0.38825   0.00000
   0.59137   0.40668   0.00000
   0.56360   0.39055   0.00000
   0.54167   0.40207   0.00000
   0.54313   0.35829   0.00000
   0.61184   0.33986   0.00000
   0.68933   0.35138   0.00000
   0.73319   0.30530   0.00000
   0.74927   0.24078   0.00000
   0.76535   0.28226   0.00000
   0.66740   0.48733   0.00000
   0.67763   0.51958   0.00000
   0.68640   0.58641   0.00000
   0.71272   0.63479   0.00000
   0.72880   0.64862   0.00000
   0.73026   0.66475   0.00000
   0.70102   0.69931   0.00000
   0.63377   0.75230   0.00000
   0.55190   0.78456   0.00000
   0.53874   0.80300   0.00000
   0.53290   0.83064   0.00000
   0.81652   0.60945   0.00000
   0.78582   0.61175   0.00000
   0.75658   0.57488   0.00000
   0.72734   0.54493   0.00000
   0.71857   0.55876   0.00000
   0.72295   0.58871   0.00000
   0.73319   0.59562   0.00000
   0.75219   0.60254   0.00000
   0.76535   0.57028   0.00000
   0.77705   0.56336   0.00000
   0.79605   0.57719   0.00000
   0.81360   0.60023   0.00000
   0.82529   0.61866   0.00000
   0.79605   0.64631   0.00000
   0.76535   0.63710   0.00000
   0.73903   0.64862   0.00000
   0.74342   0.65092   0.00000
   0.74196   0.66014   0.00000
   0.74050   0.66014   0.00000
   0.75219   0.66936   0.00000
   0.78290   0.63479   0.00000
   0.77558   0.60254   0.00000
   0.77120   0.60484   0.00000
   0.75512   0.61636   0.00000
   0.74781   0.65783   0.00000
   0.74050   0.68088   0.00000
   0.70541   0.69700   0.00000
   0.67471   0.70852   0.00000
   0.64401   0.73618   0.00000
   0.81214   0.16475   1.00000
   0.84722   0.15092   1.00000
   0.81652   0.14170   1.00000
   0.84576   0.13479   1.00000
   0.87792   0.12788   1.00000
   0.86038   0.08410   1.00000
   0.82675   0.06797   1.00000
   0.79021   0.12327   1.00000
   0.80190   0.08180   1.00000
   0.76097   0.13710   1.00000
   0.71272   0.13710   1.00000
   0.74927   0.15092   1.00000
   0.67325   0.14862   1.00000
   0.62939   0.21313   1.00000
   0.59576   0.14170   1.00000
   0.62646   0.16936   1.00000
   0.62354   0.07719   1.00000
   0.68494   0.05645   1.00000
   0.74050   0.08641   1.00000
   0.76535   0.07028   1.00000
   0.82091   0.06336   1.00000
   0.76243   0.05415   1.00000
   0.69517   0.05184   1.00000
   0.64839   0.08180   1.00000
   0.59430   0.15323   1.00000
   0.58260   0.20852   1.00000
   0.69225   0.72926   0.00000
   0.69225   0.80530   0.00000
   0.69225   0.82834   0.00000
   0.68933   0.85599   0.00000
   0.67471   0.92742   0.00000
   0.64839   0.97581   0.00000
   0.63670   0.98042   0.00000
   0.62939   0.89977   0.00000
   0.62061   0.87212   0.00000
   0.64401   0.84908   0.00000
   0.65424   0.81452   0.00000
   0.67325   0.78456   0.00000
   0.68494   0.77535   0.00000
   0.68640   0.77535   0.00000
   0.69225   0.74539   0.00000
   0.67178   0.80991   0.00000
   0.67909   0.85830   0.00000
   0.66155   0.86290   0.00000
   0.65716   0.92281   0.00000
   0.63816   0.94124   0.00000
   0.63816   0.98963   0.00000
   0.64693   0.98733   0.00000
   0.67909   0.91820   0.00000
   0.67325   0.84217   0.00000
   0.65863   0.80991   0.00000
   0.70249   0.72696   0.00000
   0.70395   0.69009   0.00000
   0.72588   0.69009   0.00000
   0.73757   0.57949   0.00000
   0.68933   0.47350   0.00000
   0.67471   0.43433   0.00000
   0.68786   0.25000   0.00000
   0.72295   0.22465   0.00000
   0.69371   0.18088   1.00000
   0.57237   0.11866   1.00000
   0.54605   0.16475   1.00000
   0.52997   0.17166   1.00000
   0.49196   0.15553   1.00000
   0.54868   0.13249   1.00000
   0.58757   0.12558   1.00000
   0.57529   0.17857   1.00000
   0.54254   0.22235   1.00000
   0.56710   0.22926   1.00000
   0.62237   0.20161   1.00000
   0.62032   0.17396   1.00000
   0.53640   0.14170   1.00000
   0.50979   0.13710   1.00000
   0.57734   0.07719   1.00000
   0.59576   0.07488   1.00000
   0.56915   0.13249   1.00000
   0.54050   0.19240   1.00000
   0.54868   0.07488   1.00000
   0.54459   0.11636   1.00000
   0.67968   0.12558   1.00000
   0.76974   0.09101   1.00000
   0.86184   0.15092   1.00000
   0.92734   0.20392   1.00000
   0.93348   0.26613   1.00000
   0.93962   0.32143   1.00000
   0.85175   0.50576   1.00000
   0.81842   0.48272   1.00000
   0.81316   0.50806   1.00000
   0.79561   0.48502   1.00000
   0.77281   0.47811   1.00000
   0.74649   0.47811   1.00000
   0.74649   0.45968   1.00000
   0.76228   0.45968   1.00000
   0.78684   0.47811   1.00000
   0.80614   0.45968   1.00000
   0.83246   0.46198   1.00000
   0.87456   0.47350   1.00000
   0.91140   0.47581   1.00000
   0.90088   0.44816   1.00000
   0.85702   0.49654   1.00000
   0.81842   0.51498   1.00000
   0.77281   0.47811   1.00000
   0.73070   0.47581   1.00000
   0.75351   0.43664   1.00000
   0.76404   0.46889   1.00000
   0.48509   0.38364   0.00000
   0.47105   0.35369   0.00000
   0.45175   0.36982   0.00000
   0.43596   0.35599   0.00000
   0.42193   0.34447   0.00000
   0.41140   0.34908   0.00000
   0.42895   0.38134   0.00000
   0.45526   0.38134   0.00000
   0.49211   0.37903   0.00000
   0.51491   0.38594   0.00000
   0.53597   0.41590   0.00000
   0.51667   0.41359   0.00000
   0.50088   0.40438   0.00000
   0.47456   0.41129   0.00000
   0.45000   0.40438   0.00000
   0.43421   0.39516   0.00000
   0.42368   0.39747   0.00000
   0.41667   0.40899   0.00000
   0.52368   0.78917   0.00000
   0.48860   0.80760   0.00000
   0.47807   0.80530   0.00000
   0.44123   0.78456   0.00000
   0.42544   0.78226   0.00000
   0.42193   0.83064   0.00000
   0.44123   0.83986   0.00000
   0.46579   0.82373   0.00000
   0.49912   0.83986   0.00000
   0.52193   0.83986   0.00000
   0.55351   0.83295   0.00000
   0.57456   0.84217   0.00000
   0.58684   0.86060   0.00000
   0.51140   0.81221   0.00000
   0.50263   0.79839   0.00000
   0.47632   0.80300   0.00000
   0.42895   0.77535   0.00000
   0.41667   0.73618   0.00000
   0.46930   0.78226   0.00000
   0.46053   0.78226   0.00000
   0.45000   0.75922   0.00000
   0.45175   0.74539   0.00000
   0.44649   0.74078   0.00000
   0.43947   0.73387   0.00000
   0.44825   0.69931   0.00000
   0.46579   0.69700   0.00000
   0.46579   0.69240   0.00000
   0.46403   0.67627   0.00000
   0.45877   0.65783   0.00000
   0.45877   0.65783   0.00000
   0.45526   0.64401   0.00000
   0.43772   0.64862   0.00000
   0.42368   0.61866   0.00000
   0.41491   0.55876   0.00000
   0.41667   0.55415   0.00000
   0.44123   0.59101   0.00000
   0.44825   0.60945   0.00000
   0.47105   0.62097   0.00000
   0.47807   0.62788   0.00000
   0.47807   0.64401   0.00000
   0.47456   0.66244   0.00000
   0.47456   0.68088   0.00000
   0.47456   0.63249   0.00000
   0.45175   0.58871   0.00000
   0.43246   0.58180   0.00000
   0.41140   0.57028   0.00000
   0.40614   0.55876   0.00000
   0.49912   0.55415   1.00000
   0.51667   0.51498   1.00000
   0.50439   0.51037   1.00000
   0.49561   0.51728   1.00000
   0.49035   0.55415   1.00000
   0.47632   0.55415   1.00000
   0.47281   0.54032   1.00000
   0.48684   0.52880   1.00000
   0.48509   0.50346   1.00000
   0.46579   0.49194   1.00000
   0.46228   0.51728   1.00000
   0.45877   0.52650   1.00000
   0.43947   0.54032   1.00000
   0.43596   0.51728   1.00000
   0.42193   0.49654   1.00000
   0.41842   0.48963   1.00000
   0.41667   0.47350   1.00000
   0.44825   0.48733   1.00000
   0.45000   0.50806   1.00000
   0.48860   0.51498   1.00000
   0.45526   0.45046   1.00000
   0.43596   0.47581   1.00000
   0.42018   0.47350   1.00000
   0.41140   0.45737   1.00000
   0.40965   0.45046   1.00000
   0.45877   0.48733   1.00000
   0.53597   0.53341   1.00000
   0.57281   0.53802   1.00000
   0.53597   0.52880   1.00000
   0.49912   0.51267   1.00000
   0.51140   0.18548   1.00000
   0.52719   0.20852   1.00000
   0.52018   0.19009   1.00000
   0.49737   0.18779   1.00000
   0.47983   0.19009   1.00000
   0.45000   0.19701   1.00000
   0.42719   0.19470   1.00000
   0.40790   0.17627   1.00000
   0.40263   0.14631   1.00000
   0.44123   0.13249   1.00000
   0.46403   0.15783   1.00000
   0.46403   0.16475   1.00000
   0.48860   0.11866   1.00000
   0.50965   0.12788   1.00000
   0.46754   0.16014   1.00000
   0.43246   0.17396   1.00000
   0.42544   0.15783   1.00000
   0.42018   0.18318   1.00000
   0.47983   0.20622   1.00000
   0.51667   0.21544   1.00000
   0.53246   0.22696   1.00000
   0.52544   0.11636   1.00000
   0.48509   0.11636   1.00000
   0.45526   0.13710   1.00000
   0.44474   0.10023   1.00000
   0.48333   0.21313   1.00000
   0.53597   0.26152   1.00000
   0.55351   0.25230   1.00000
   0.98158   0.71083   1.00000
   0.96930   0.66244   1.00000
   0.98684   0.69470   1.00000
   0.95877   0.71544   1.00000
   0.98860   0.37212   1.00000
   0.96754   0.37442   1.00000
   0.97105   0.41590   1.00000
   0.79210   0.22696   0.00000
   0.83421   0.24770   0.00000
   0.85877   0.27304   0.00000
   0.86228   0.29147   0.00000
   0.81316   0.22235   0.00000
   0.79737   0.22465   0.00000
   0.77456   0.20392   0.00000
   0.75526   0.18548   0.00000
   0.72895   0.20622   0.00000
   0.72368   0.24539   0.00000
   0.70614   0.22235   0.00000
   0.69561   0.22696   0.00000
   0.68158   0.25922   0.00000
   0.66053   0.22465   0.00000
   0.64825   0.20392   0.00000
   0.65526   0.19931   0.00000
   0.69737   0.23387   0.00000
   0.72719   0.25691   0.00000
   0.66579   0.25461   0.00000
   0.64123   0.26613   0.00000
   0.63597   0.24309   0.00000
   0.61842   0.23387   0.00000
   0.61316   0.24078   0.00000
   0.62544   0.27304   0.00000
   0.62544   0.28917   0.00000
   0.61491   0.30300   0.00000
   0.60088   0.31912   0.00000
   0.58509   0.33756   0.00000
   0.54825   0.36290   0.00000
   0.52895   0.37442   0.00000
   0.84474   0.60484   0.00000
   0.81667   0.57028   0.00000
   0.80439   0.56336   0.00000
   0.81491   0.62327   0.00000
   0.80439   0.66475   0.00000
   0.78333   0.66475   0.00000
   0.74825   0.68779   0.00000
   0.71667   0.71774   0.00000
   0.70263   0.73848   0.00000
   0.73596   0.74078   0.00000
   0.73772   0.71083   0.00000
   0.76579   0.68548   0.00000
   0.77632   0.68318   0.00000
   0.80263   0.68779   0.00000
   0.82017   0.68779   0.00000
   0.83772   0.66936   0.00000
   0.84474   0.65553   0.00000
   0.81842   0.63940   0.00000
   0.83947   0.63940   0.00000
   0.83947   0.58410   0.00000
   0.79737   0.56336   0.00000
   0.77281   0.54724   0.00000
   0.84298   0.56797   0.00000
   0.86930   0.58180   0.00000
   0.87105   0.59562   0.00000
   0.86930   0.62558   0.00000
   0.85702   0.64862   0.00000
   0.83947   0.63710   0.00000
   0.80439   0.64170   0.00000
   0.85702   0.66705   0.00000
   0.82193   0.70622   0.00000
   0.57983   0.96198   1.00000
   0.59210   0.92742   1.00000
   0.57281   0.92742   1.00000
   0.56930   0.94816   1.00000
   0.55000   0.96198   1.00000
   0.55702   0.95737   1.00000
   0.55702   0.91590   1.00000
   0.55702   0.91590   1.00000
   0.52895   0.92281   1.00000
   0.51491   0.92512   1.00000
   0.49912   0.93664   1.00000
   0.49035   0.96889   1.00000
   0.51491   0.99885   1.00000
   0.54298   0.95968   1.00000
   0.52895   0.95507   1.00000
   0.50088   0.94124   1.00000
   0.48684   0.91820   1.00000
   0.48158   0.91129   1.00000
   0.46579   0.91359   1.00000
   0.44298   0.90668   1.00000
   0.42193   0.87903   1.00000
   0.40790   0.87442   1.00000
   0.40790   0.92742   1.00000
   0.41140   0.94816   1.00000
   0.41316   0.96198   1.00000
   0.42544   0.96659   1.00000
   0.43421   0.96659   1.00000
   0.43421   0.94816   1.00000
   0.43596   0.93433   1.00000
   0.46930   0.94816   1.00000
   0.47456   0.96429   1.00000
   0.45351   0.98963   1.00000
   0.43596   0.98733   1.00000
   0.51667   0.96659   1.00000
   0.55702   0.95968   1.00000
   0.56053   0.90438   1.00000
   0.52544   0.91590   1.00000
   0.49386   0.92281   1.00000
   0.45351   0.91129   1.00000
   0.44474   0.89055   1.00000
   0.50789   0.87442   1.00000
   0.52719   0.89746   1.00000
   0.53772   0.91359   1.00000
   0.56579   0.96889   1.00000
   0.57983   0.98502   1.00000
   0.51667   0.99424   1.00000
   0.47281   0.96429   1.00000
   0.43947   0.97581   1.00000
   0.42544   0.98963   1.00000
   0.41491   0.99654   1.00000
