1 -9.5394
2 -12.8196
3 -11.6943
4 -11.6252
5 9.1158
6 -15.9203
7 -2.7976
8 -4.0362
9 -3.3117
10 3.1023
11 -14.7135
12 7.1816
13 4.5896
14 20.6932
15 6.0006
16 24.9391
17 9.1051
18 36.1569
19 30.1579
20 7.1159
21 17.0682
22 8.4669
23 27.0663
24 15.3125
25 27.6525
26 27.4131
27 46.4880
28 31.2544
29 21.3785
30 30.8040
31 25.2050
32 36.1548
33 29.4889
34 38.9485
35 36.3527
36 36.7689
37 41.5562
38 46.1371
39 25.9107
40 45.8828
41 55.9333
42 47.9689
43 33.9720
44 45.9961
45 40.8098
46 59.4278
47 47.4082
48 53.2066
49 58.0193
50 57.2852
