  -6.71315  -1.19391   1.00000
  -3.45178  -0.98863   1.00000
  -4.26766  -1.97961   1.00000
  -7.04409   2.08490   1.00000
  -1.84913   2.95182   1.00000
  -1.38891  -0.12106   1.00000
  -2.13775   3.99877   1.00000
  -3.75992  -0.37216   1.00000
  -2.11185   1.55012   1.00000
  -1.59141  -1.93273   1.00000
  -8.00247   1.02299   1.00000
  -3.14243   3.91217   1.00000
  -5.63902  -0.13892   1.00000
  -8.19055  -1.79430   1.00000
  -5.74153  -0.58433   1.00000
  -2.05947  -0.38921   1.00000
  -4.58990   0.75441   1.00000
  -5.23859   1.34102   1.00000
  -1.09901  -0.81594   1.00000
  -5.76940   3.43238   1.00000
  -6.22336  -0.11486   1.00000
  -5.47462  -1.90279   1.00000
  -6.02603  -3.71460   1.00000
  -5.32620   0.03685   1.00000
  -6.93632   2.10328   1.00000
  -2.71142   0.10690   1.00000
  -4.13511  -1.24783   1.00000
  -5.35132   0.09945   1.00000
  -7.97961   1.45153   1.00000
  -3.58030   0.36738   1.00000
  -5.83780   2.23010   1.00000
  -4.96406   0.54437   1.00000
  -7.48621  -2.25924   1.00000
  -4.19217  -2.35189   1.00000
  -2.67348   0.53737   1.00000
  -6.53978  -4.44019   1.00000
  -3.17185  -0.21148   1.00000
  -5.25830   0.68175   1.00000
  -5.03000   1.18506   1.00000
  -4.26663   0.75337   1.00000
  -4.75998   3.94472   1.00000
  -1.29379   2.53435   1.00000
  -7.88821   1.77857   1.00000
  -5.31501  -1.96346   1.00000
  -4.47309  -3.22686   1.00000
  -7.09976   0.27074   1.00000
  -7.17960   0.49564   1.00000
  -5.20376  -1.06380   1.00000
  -6.56939   0.89044   1.00000
  -5.41061   1.05953   1.00000
   5.40019  -3.93714   0.00000
   3.22481  -3.90812   0.00000
   2.19544  -1.73222   0.00000
   5.66928  -2.34071   0.00000
   8.21886  -5.61500   0.00000
   3.77829  -9.14447   0.00000
   4.82461  -5.64925   0.00000
   8.56295  -4.80926   0.00000
   6.79500  -2.15000   0.00000
   3.56253  -5.02963   0.00000
   4.81656  -8.39479   0.00000
   2.36218  -5.44836   0.00000
   5.73669  -5.43983   0.00000
   6.91132  -2.19233   0.00000
   5.23595  -5.11711   0.00000
   3.46766  -5.63349   0.00000
   5.83126  -4.91859   0.00000
   6.07796  -5.55341   0.00000
   3.02707  -2.70483   0.00000
   5.49026  -2.84169   0.00000
   5.18147  -3.83979   0.00000
   3.03249  -3.39603   0.00000
  -2.26674  -4.70021   0.00000
   0.80823  -5.40850   0.00000
   4.53371  -5.99246   0.00000
   5.86064  -5.99334   0.00000
   3.39899  -3.66185   0.00000
   6.91082  -5.49155   0.00000
   5.21292  -3.90096   0.00000
   4.39168  -4.26751   0.00000
   5.52014  -3.27864   0.00000
   7.11801  -5.44282   0.00000
   3.57273  -3.60142   0.00000
   5.48636  -6.20523   0.00000
   5.86279  -5.04345   0.00000
   8.22471  -1.42741   0.00000
   5.13929  -6.71841   0.00000
   5.34318  -5.85760   0.00000
   2.72207  -5.60669   0.00000
   4.37306  -6.62780   0.00000
   8.71443  -2.25980   0.00000
   3.46351  -2.00153   0.00000
   5.35626  -6.50273   0.00000
   4.16139  -2.33356   0.00000
   1.98541  -4.48074   0.00000
   7.71847  -1.68403   0.00000
   2.91725  -7.75114   0.00000
   6.56802  -2.19620   0.00000
   4.33335  -4.63132   0.00000
   2.85810  -5.38145   0.00000
